year,occurrence
1960,40
1961,28
1962,28
1963,44
1964,63
1965,67
1966,82
1967,75
1968,81
1969,76
1970,81
1971,63
1972,64
1973,60
1974,71
1975,65
1976,94
1977,143
1978,138
1979,124
1980,141
1981,143
1982,160
1983,212
1984,158
1985,180
1986,174
1987,231
1988,237
1989,189
1990,296
1991,272
1992,233
1993,267
1994,256
1995,277
1996,272
1997,324
1998,362
1999,414
2000,526
2001,447
2002,505
2003,420
2004,398
2005,488
2006,462
2007,450
2008,394
2009,389
2010,435
2011,361
2012,372
2013,355
2014,342
2015,396
2016,350
